  2.0000000e+000  3.6490284e+000  5.2123971e+000  2.0060677e+000  2.1989719e+000  4.7620361e+000  4.2830252e+000  3.3431696e+000  2.7747642e+000  3.6157552e+000  3.0326757e+000
  2.0000000e+000  2.1751226e+000  3.7298917e+000  4.2415024e+000  4.1494680e+000  1.2711261e+000  4.4058071e+000  3.6636800e+000  3.1363501e+000  3.0163825e+000  2.1180624e+000
  2.0000000e+000  4.3378946e+000  2.1305505e+000  4.1943560e+000  2.7480970e+000  2.3727054e+000  2.6973373e+000  3.4006753e+000  2.4990700e+000  2.3308646e+000  3.5233002e+000
  1.0000000e+000  2.5221681e+000  2.9064331e+000  4.0370967e+000  2.2828069e+000  1.1109071e+000  2.1996354e+000  3.4803256e+000  3.2804342e+000  2.3243769e+000  2.9304290e+000
  1.0000000e+000  3.7589528e+000  2.9793710e+000  1.7001998e+000  1.8987189e+000  3.6408400e+000  2.4952463e+000  9.9856163e-001  3.2691969e+000  2.8790159e+000  9.4798008e-001
  1.0000000e+000  1.3399334e+000  5.7144622e-001  3.4195416e+000  2.3162020e+000  3.3865491e+000  2.6860573e+000  3.4489012e+000  3.2954834e+000  3.5635759e+000  3.4718075e+000
  1.0000000e+000  2.8548231e+000  2.7430222e+000  2.0709245e+000  4.3728572e+000  3.0216977e+000  2.7920712e+000  3.6147642e+000  3.7822434e+000  3.7548961e+000  2.8778455e+000
  2.0000000e+000  2.1956648e+000  2.8409956e+000  3.0108578e+000  1.7531133e+000  3.4737041e+000  3.5154393e+000  1.9709541e+000  5.4401086e+000  1.9221953e+000  2.2646569e+000
  2.0000000e+000  2.3520282e+000  2.4413925e+000  3.6756012e+000  3.0306584e+000  3.8256279e+000  2.7718409e+000  3.0440934e+000  2.9772309e+000  4.1454008e+000  2.8291697e+000
  2.0000000e+000  3.2462027e+000  3.4463890e+000  3.1217870e+000  3.1674857e+000  2.9576025e+000  2.0996771e+000  2.9369376e+000  2.9485441e+000  2.5860463e+000  2.5286247e+000
  2.0000000e+000  4.4691727e+000  3.6857312e+000  2.5965789e+000  3.3168481e+000  4.3600937e+000  1.6011448e+000  4.8764900e+000  2.5811074e+000  2.4894134e+000  3.0640544e+000
  1.0000000e+000  1.4056524e+000  4.3637911e+000  1.5026125e+000  1.7843871e+000  2.2898591e+000  3.4795174e+000  2.5952090e+000  3.2312125e+000  4.4993652e+000  3.6369744e+000
  2.0000000e+000  3.6150046e+000  1.2731759e+000  2.6545865e+000  2.1537357e+000  3.5960815e+000  3.2787384e+000  3.5637399e+000  4.3836060e+000  5.1903777e+000  1.4500034e+000
  1.0000000e+000  3.5927952e+000  1.5673305e+000  1.5648138e+000  3.0170164e+000  1.8261687e+000  2.9440631e+000  4.3601604e+000  3.7320451e+000  4.0259825e+000  1.4002496e+000
  2.0000000e+000  2.0584412e+000  2.5159142e+000  2.2278423e+000  1.2297071e+000  2.8249246e+000  3.3204962e+000  3.4154516e+000  1.6332740e+000  3.9833599e+000  2.8277903e+000
  1.0000000e+000  1.6728850e+000  2.2810545e+000  3.8076038e+000  4.3980706e+000  2.4762686e+000  2.4025166e+000  3.0197300e+000  3.5144731e+000  2.4436519e+000  2.6049667e+000
  2.0000000e+000  2.6198944e+000  1.7801251e+000  2.0317883e+000  1.6140197e+000  2.8947670e+000  3.0860350e+000  2.9738416e+000  2.7000807e+000  3.2541647e+000  2.4977460e+000
  2.0000000e+000  2.1472519e+000  2.9389375e+000  3.2041826e+000  2.3351302e+000  3.8179384e+000  1.3863290e+000  2.4450803e+000  3.3227490e+000  3.1804245e+000  3.2432425e+000
  1.0000000e+000  1.1103006e+000  2.0671667e+000  4.1810761e+000  3.4070231e+000  2.4331223e+000  2.2640882e+000  3.2224554e+000  3.3020002e+000  3.4110156e+000  2.6339470e+000
  2.0000000e+000  1.2968931e+000  3.8490753e+000  4.6112256e+000  3.1925616e+000  1.9608446e+000  3.9950496e+000  1.6558598e+000  2.5682450e+000  3.2439673e+000  4.1932451e+000
  2.0000000e+000  4.1535524e+000  2.3691695e+000  4.8720971e+000  1.5933430e+000  4.8610881e+000  1.3838745e+000  3.5216568e+000  3.4314161e+000  2.8204389e+000  3.2202276e+000
  2.0000000e+000  5.0837635e+000  1.5034440e+000  2.4503659e+000  3.3561766e+000  3.3775239e+000  2.2801423e+000  2.4795460e+000  3.7431985e+000  3.1523696e+000  3.9341800e+000
  2.0000000e+000  5.6295397e+000  2.2943877e+000  4.5718146e+000  3.7753215e+000  3.3643420e+000  2.5263601e+000  3.3805370e+000  2.1149302e+000  2.9299327e+000  2.8939070e+000
  1.0000000e+000  2.8623016e+000  2.5273857e+000  1.7492096e+000  4.1105413e+000  2.7498293e+000  2.6015206e+000  2.4335727e+000  3.6252216e+000  4.9882747e+000  3.2242323e+000
  2.0000000e+000  1.5762615e+000  1.4633943e+000  5.0782937e+000  2.8926695e+000  5.5547537e+000  3.1217667e+000  1.5959784e+000  2.7108607e+000  1.6699384e+000  1.6144203e+000
  2.0000000e+000  3.7197662e+000  3.9983006e+000  3.2275299e+000  3.3071073e+000  2.9648455e+000  1.1852723e+000  2.9191996e+000  2.7744588e+000  2.7852794e+000  4.1072844e+000
  1.0000000e+000  3.5245090e+000  3.7488149e+000  2.4172640e+000  3.1899398e+000  3.0704382e+000  2.6603990e+000  2.5580580e+000  3.2057054e+000  3.6444217e+000  2.8252799e+000
  2.0000000e+000  1.9057970e+000  3.6964700e+000  2.7944903e+000  1.9123599e+000  3.1940391e+000  5.1857158e+000  2.9988835e+000  3.0984736e+000  2.1205564e+000  2.8358384e+000
  2.0000000e+000  3.5737270e+000  3.7793391e+000  2.5137272e+000  4.6321281e+000  2.7474348e+000  2.8725367e+000  3.1025523e+000  4.1506653e+000  3.6663064e+000  4.0729306e+000
  2.0000000e+000  2.0819077e+000  5.3382140e+000  3.6930995e+000  2.9634042e+000  3.3524764e+000  3.1377622e+000  3.3431296e+000  2.5158736e+000  3.4031369e+000  3.1867485e+000
  2.0000000e+000  2.6899339e+000  2.6013818e+000  2.5462208e+000  2.5663950e+000  4.2471964e+000  4.0087875e+000  1.9677711e+000  1.7515590e+000  2.2729615e+000  3.4839881e+000
  2.0000000e+000  2.7614511e+000  3.3801662e+000  2.4924061e+000  4.6503057e+000  2.5049816e+000  3.6361108e+000  3.0336158e+000  1.9054299e+000  2.0388583e+000  2.8122526e+000
  1.0000000e+000  2.7515881e+000  1.6856669e+000  3.1371483e+000  2.9099400e+000  4.1961680e+000  3.7254525e+000  3.2425442e+000  3.1787026e+000  3.7966568e+000  3.1152660e+000
  2.0000000e+000  1.5065525e+000  2.2977444e+000  1.1247773e+000  3.1167053e+000  2.6048109e+000  3.3439774e+000  2.1205816e+000  4.5473113e+000  4.0388572e+000  1.6810556e+000
  1.0000000e+000  4.4624010e+000  2.9043796e+000  1.9274700e+000  1.3794368e+000  2.3144864e+000  2.2625118e+000  2.7623186e+000  3.2385253e+000  4.0579985e+000  2.0345257e+000
  1.0000000e+000  3.1021750e+000  1.7033749e+000  2.4059630e+000  2.6929476e+000  2.7357567e+000  3.8467062e+000  5.0582286e+000  3.0468222e+000  3.7594491e+000  4.2138148e+000
  2.0000000e+000  3.9985888e+000  2.9801913e+000  5.1197438e+000  1.5620062e+000  2.5785536e+000  2.2914064e+000  1.5521755e+000  2.6857221e+000  2.3432255e+000  3.1504900e+000
  2.0000000e+000  3.2074390e+000  2.6550349e+000  1.4452946e+000  3.4068386e+000  2.7190948e+000  2.9104580e+000  1.2752616e+000  2.8831216e+000  2.3696886e+000  5.0086953e+000
  1.0000000e+000  2.4581166e+000  4.2090476e+000  3.2637724e+000  3.2802738e+000  1.7648910e+000  3.1519050e+000  2.9761574e+000  3.0069271e+000  2.9599555e+000  3.8425194e+000
  2.0000000e+000  2.6339177e+000  1.3550258e+000  4.3212302e+000  3.1239408e+000  3.7660210e+000  3.3541958e+000  4.4822173e+000  1.0925465e+000  2.5764955e+000  1.4692986e+000
  2.0000000e+000  1.8150484e+000  2.8661525e+000  4.6567648e+000  2.1640124e+000  5.0274991e+000  2.6408934e+000  2.3936899e+000  2.3063766e+000  2.5645803e+000  3.0370530e+000
  2.0000000e+000  4.1937504e+000  4.1718493e+000  2.6422343e+000  1.8822561e+000  4.1219303e+000  2.3926951e+000  3.3466319e+000  4.7332675e+000  2.5289942e+000  2.0494532e+000
  2.0000000e+000  2.4605461e+000  2.6987730e+000  2.3640007e+000  1.5054573e+000  3.9674501e+000  3.7470223e+000  2.6975898e+000  3.7170493e+000  3.2914462e+000  2.9871723e+000
  2.0000000e+000  1.4270648e+000  3.1238385e+000  2.4730070e+000  3.3998755e+000  1.8763637e+000  2.2808442e+000  4.4993594e+000  1.6557566e+000  2.6400230e+000  3.5582872e+000
  2.0000000e+000  5.5994445e+000  3.5888569e+000  2.0722586e+000  1.1633300e+000  3.6757514e+000  1.5416547e+000  1.2229618e+000  4.8697933e+000  2.1809311e+000  2.1591236e+000
  2.0000000e+000  3.1234677e+000  4.3478647e+000  2.1129649e+000  2.1634623e+000  2.2352146e+000  1.4228512e+000  1.5724125e+000  4.6414862e+000  1.9559003e+000  2.9659956e+000
  2.0000000e+000  2.2704033e+000  2.6829453e+000  1.6379047e+000  4.3431334e+000  1.9488219e+000  3.6219863e+000  1.7687288e+000  4.2155609e+000  2.0727734e+000  2.4653688e+000
  2.0000000e+000  4.1264259e+000  4.6334274e+000  9.8141689e-001  2.6698666e+000  1.6810907e+000  2.9423901e+000  3.8290821e+000  2.6836162e+000  3.5064968e+000  4.7065937e+000
  2.0000000e+000  3.6076113e+000  3.4791616e+000  2.8489102e+000  3.1039947e+000  4.1687585e+000  1.9523705e+000  4.0031646e+000  3.1080222e+000  2.6580938e+000  3.5109443e+000
  2.0000000e+000  2.5571844e+000  3.4585278e+000  3.3736304e+000  5.3753250e+000  2.4929630e+000  1.3691381e+000  3.2824695e+000  3.4294731e+000  2.7090849e+000  3.7013347e+000
  1.0000000e+000  1.3058072e+000  2.4391831e+000  3.4942771e+000  8.0193608e-001  3.6004133e+000  2.8350748e+000  2.5356829e+000  3.5669940e+000  2.0959978e+000  2.9619238e+000
  2.0000000e+000  3.9635196e+000  3.1592995e+000  3.3917181e+000  4.1449660e+000  1.4244672e+000  4.4670429e+000  2.6407124e+000  3.3857964e+000  2.2468492e+000  2.1349055e+000
  2.0000000e+000  3.5533826e+000  4.6690959e+000  3.3796087e+000  2.2275022e+000  3.0267062e+000  2.2808978e+000  2.8483318e+000  4.7638626e+000  4.1132768e+000  1.5591396e+000
  2.0000000e+000  1.7417515e+000  3.8212169e+000  2.4144262e+000  3.4769075e+000  1.7102788e+000  2.3105079e+000  1.7840557e+000  2.0891956e+000  4.0331445e+000  3.3206025e+000
  1.0000000e+000  4.0092006e+000  4.0745505e+000  3.5574956e+000  2.0613260e+000  4.5781115e+000  2.5174963e+000  2.8629806e+000  3.2729573e+000  4.6337045e+000  4.5062746e+000
  1.0000000e+000  4.4460216e+000  3.7727276e+000  9.0465851e-001  3.5667898e+000  2.0069316e+000  3.2556928e+000  3.4198635e+000  3.1005887e+000  2.7576237e+000  1.5741015e+000
  2.0000000e+000  2.3178331e+000  3.7803977e+000  2.9351452e+000  4.1671986e+000  3.8196828e+000  2.1656699e+000  3.1674758e+000  3.7624756e+000  5.1175680e+000  4.1092890e+000
  2.0000000e+000  3.5363045e+000  3.1484486e+000  2.5972824e+000  2.7242769e+000  1.7404043e+000  1.7584030e+000  2.4074483e+000  3.9990946e+000  1.5912330e+000  1.0835692e+000
  2.0000000e+000  2.3954525e+000  3.9005138e+000  3.4358871e+000  3.2191215e+000  2.6037912e+000  2.8066670e+000  3.4003618e+000  2.4092411e+000  2.1983731e+000  2.5936628e+000
  2.0000000e+000  1.8299741e+000  2.1537815e+000  1.0319841e+000  3.2857839e+000  3.9221095e+000  4.8106136e+000  3.1985610e+000  3.9262057e+000  1.5691762e+000  1.7743583e+000
  2.0000000e+000  3.8885262e+000  2.3781342e+000  2.3942750e+000  5.7532624e-001  3.7243546e+000  2.9815136e+000  2.0904732e+000  4.4579229e+000  2.6014198e+000  2.2470930e+000
  2.0000000e+000  3.2721963e+000  2.7069091e+000  2.5297900e+000  3.4863480e+000  3.6142067e+000  3.4793521e+000  2.0816956e+000  2.9180757e+000  8.7466579e-001  4.7630754e+000
  2.0000000e+000  2.8143508e+000  1.3858932e+000  2.6891777e+000  3.3167322e+000  2.5996613e+000  1.6610188e+000  2.7385146e+000  3.3210091e+000  1.5761506e+000  2.6812557e+000
  2.0000000e+000  2.3083004e+000  3.4877113e+000  2.6312619e+000  2.9037799e+000  3.2874865e+000  2.9934957e+000  4.0411217e+000  4.1617673e+000  3.2963718e+000  4.1909132e+000
  1.0000000e+000  1.1646726e+000  2.8100673e+000  4.5946762e+000  2.8362059e+000  2.8077968e+000  2.5518075e+000  5.3545649e+000  3.5708109e+000  2.1275798e+000  3.0424019e+000
  1.0000000e+000  2.0943601e+000  6.0468475e-001  1.7843008e+000  4.2715370e+000  1.3175372e+000  2.5715546e+000  3.5621166e+000  3.0956142e+000  2.6396839e+000  1.0816276e+000
  2.0000000e+000  4.9234986e+000  3.7566265e+000  5.5266350e+000  2.8713584e+000  3.0569019e+000  3.1956431e+000  2.9060434e+000  3.6676513e+000  2.1690403e+000  2.7643920e+000
  1.0000000e+000  1.5841022e+000  2.5260317e+000  1.2046926e+000  3.0505104e+000  3.7286866e+000  2.3971723e+000  4.4874718e+000  3.2922984e+000  1.8943208e+000  3.2489387e+000
  2.0000000e+000  1.9901622e+000  3.7790220e+000  2.3321702e+000  2.3101876e+000  4.9335421e+000  4.1513290e+000  3.2749269e+000  4.3751680e+000  4.3809015e+000  3.5194949e+000
  2.0000000e+000  4.3611022e+000  1.7659459e+000  3.0032509e+000  3.1476531e+000  4.3114190e+000  3.2993558e+000  3.5270866e+000  2.5029797e+000  4.3118265e+000  3.7130575e+000
  2.0000000e+000  3.6600649e+000  3.7080287e+000  4.1284565e+000  2.9742299e+000  4.0735877e+000  3.3558203e+000  2.4665462e+000  4.3014038e+000  2.9072105e+000  2.9149991e+000
  2.0000000e+000  4.1383516e+000  7.7383889e-001  1.5687419e+000  2.2742049e+000  3.8608587e+000  4.7698214e+000  6.9465912e-001  2.5577583e+000  2.3900948e+000  3.7266967e+000
  2.0000000e+000  3.3581584e+000  2.1704085e+000  1.7545524e+000  3.0598220e+000  4.2581966e+000  4.1247544e+000  1.8651013e+000  2.5081741e+000  3.6064140e+000  2.5425490e+000
  2.0000000e+000  3.5046287e+000  2.8870941e+000  4.1457221e+000  2.6213550e+000  3.9439310e+000  3.2475193e+000  2.9752280e+000  4.3502155e+000  2.5935096e+000  5.4606590e+000
  2.0000000e+000  3.0517450e+000  5.1686846e+000  1.9221131e+000  1.4686856e+000  2.3928203e+000  4.1864229e+000  2.0360515e+000  3.3482019e+000  2.6344818e+000  3.2964121e+000
  2.0000000e+000  3.3201685e+000  2.8690276e+000  2.7780584e+000  3.7293494e+000  3.0261758e-001  2.1073233e+000  2.9014034e+000  3.8205234e+000  3.5425352e+000  2.2576275e+000
  2.0000000e+000  2.6035859e+000  3.1423276e+000  2.1948206e+000  4.8854945e+000  3.3289376e+000  2.3863544e+000  4.8136114e+000  3.9328492e+000  2.7604409e+000  4.4073432e+000
  2.0000000e+000  2.7080691e+000  2.8978469e+000  2.7307753e+000  2.7707798e+000  3.2559524e+000  3.0375712e+000  2.6151720e+000  4.8134716e+000  4.1752864e+000  4.5767781e+000
  2.0000000e+000  1.9799833e+000  2.7422433e+000  2.8336376e+000  1.0608706e+000  2.6015117e+000  2.3473116e+000  4.1677338e+000  3.9441707e+000  4.0507508e+000  3.0792645e+000
  2.0000000e+000  2.7356347e+000  2.0986814e+000  1.6072327e+000  7.5524952e-001  1.1651469e+000  4.1036928e+000  3.6123098e+000  4.4897867e+000  3.1485494e+000  2.6245137e+000
  2.0000000e+000  1.9246158e+000  3.8141710e+000  3.6073730e+000  2.4412571e+000  3.2272427e+000  3.8451756e+000  2.5523975e+000  1.8177637e+000  3.2870282e+000  2.1708424e+000
  2.0000000e+000  2.7607471e-001  1.2607228e+000  4.8729200e+000  8.6592950e-001  2.0699498e+000  3.0875263e+000  3.4944031e+000  2.5115788e+000  9.8336702e-001  1.6607096e+000
  2.0000000e+000  3.1103157e+000  1.7555545e+000  2.9656855e+000  3.3919647e+000  3.4820418e+000  3.6286106e+000  1.8454622e+000  2.7713661e+000  2.7714451e+000  2.9437583e+000
  1.0000000e+000  2.5829723e+000  2.2730229e+000  3.8301375e+000  2.9924146e+000  3.3933188e+000  2.6376508e+000  2.3728853e+000  3.8146269e+000  5.5414003e-001  3.4811543e+000
  2.0000000e+000  2.7937563e+000  3.6206547e+000  4.7514861e+000  1.6879067e+000  3.6166387e+000  1.8312240e+000  9.5481232e-001  2.3296901e+000  1.5391778e+000  3.4245712e+000
  2.0000000e+000  2.9216320e+000  4.0590851e+000  2.8507118e+000  3.0211137e+000  3.0718994e+000  5.7515437e+000  3.9561904e+000  1.6808210e+000  2.5238244e+000  4.8326947e+000
  2.0000000e+000  3.8585226e+000  2.7045250e+000  3.5244844e+000  1.6869349e+000  1.1286448e+000  1.6589416e+000  4.4303289e+000  3.1612952e-001  3.6689025e+000  1.6731459e+000
  2.0000000e+000  3.6047254e+000  1.7634977e+000  2.9610024e+000  2.5940469e+000  1.9732177e+000  5.0200570e+000  3.2607674e+000  2.8428381e+000  5.0134985e+000  3.9561323e+000
  2.0000000e+000  3.1340792e+000  3.6005531e+000  1.8515927e+000  2.2120831e+000  3.2890767e+000  1.2990826e+000  3.1097356e+000  3.5378765e+000  2.0035381e+000  2.5604464e+000
  2.0000000e+000  3.0807395e+000  3.3839435e+000  2.5978245e+000  2.8332860e+000  3.6491772e+000  3.1371307e+000  2.6602553e+000  1.1437359e+000  1.4580078e+000  2.1966286e+000
  2.0000000e+000  3.1112361e+000  2.2237013e+000  4.1141173e+000  3.0337613e+000  3.3587940e+000  3.1497257e+000  4.2127001e+000  1.9592893e+000  4.7379504e+000  3.6130795e+000
  2.0000000e+000  3.4930712e+000  2.2780021e+000  3.6609978e+000  3.1544455e+000  4.4934159e+000  3.9626446e+000  3.7518449e+000  4.0774665e+000  1.3483903e+000  4.3235243e+000
  2.0000000e+000  1.9535898e+000  3.4777086e+000  2.3402728e+000  2.6780468e+000  3.9582924e+000  2.5498372e+000  3.0391213e+000  2.0322822e+000  3.0675639e+000  2.6848530e+000
  1.0000000e+000  3.6542013e+000  2.5152750e+000  2.0564915e+000  2.3368690e+000  4.7122625e+000  3.4309539e+000  2.5910195e+000  3.6957217e+000  3.1203877e+000  3.9558887e+000
  2.0000000e+000  1.5406474e+000  3.6509126e+000  2.6076218e+000  2.9292582e+000  4.4056953e+000  4.2129971e+000  4.4443874e+000  3.3304787e+000  1.1958252e+000  2.8672739e+000
  2.0000000e+000  3.6597119e+000  4.7045581e+000  3.1755962e+000  1.4392716e+000  2.5425247e+000  5.2325132e+000  5.3461466e+000  4.7209472e+000  3.8378205e+000  2.9321435e+000
  2.0000000e+000  2.3835000e+000  3.1237823e+000  2.5879806e+000  1.1362777e+000  3.4994948e+000  2.8504869e+000  2.1426409e+000  2.5291150e+000  3.0967104e+000  3.3016436e+000
  2.0000000e+000  4.0497851e+000  2.9157855e+000  3.8912837e+000  3.9367684e+000  3.6735924e+000  4.1152581e+000  3.6917049e+000  2.3222962e+000  1.8818637e+000  3.1694153e+000
  1.0000000e+000  1.7906601e+000  3.7751300e+000  3.5046549e+000  3.8193571e+000  3.0510331e+000  2.2747399e+000  2.5610851e+000  3.6438032e+000  3.6068637e+000  3.5270692e+000
  2.0000000e+000  2.3054966e+000  3.4074175e+000  3.9532742e+000  3.1888416e+000  3.1212299e+000  2.0953698e+000  2.8553429e+000  2.5470813e+000  2.6465648e+000  2.0648495e+000
